aeroplane :      0.5226048966181065 
bicycle :        0.6859351839137873 
bird :   0.4340084929102715 
boat :   0.4203963177474231 
bottle :         0.386844065888338 
bus :    0.6692574027562864 
car :    0.7286613603039547 
cat :    0.6354506761593539 
chair :  0.3853878430858581 
cow :    0.4205093231769601 
diningtable :    0.6159653032400678 
dog :    0.541467204483139 
horse :  0.7469438388338718 
motorbike :      0.6642068585215447 
person :         0.6526290392489382 
pottedplant :    0.1946499130013885 
sheep :  0.5391201556764156 
sofa :   0.6021016655566835 
train :  0.6629667943734825 
tvmonitor :      0.5336879907864264 
***************************
mAP :    0.5521397163141147