aeroplane :      0.42401768160996434 
bicycle :        0.5353014147610103 
bird :   0.2794092533993283 
boat :   0.2773062060998097 
bottle :         0.08707258715296566 
bus :    0.5697553973955607 
car :    0.5834211063462718 
cat :    0.48415043058368396 
chair :  0.1981557811650027 
cow :    0.12810768724984437 
diningtable :    0.5257313940623553 
dog :    0.33260180160552044 
horse :  0.6223513146300992 
motorbike :      0.5736598780518475 
person :         0.5421286119714037 
pottedplant :    0.03647349078031831 
sheep :  0.3933678377722064 
sofa :   0.49276624763945126 
train :  0.5961740423721422 
tvmonitor :      0.42731446317138355 
***************************
mAP :    0.40546333139100854