aeroplane :      0.8299492229332741 
bicycle :        0.813069807018958 
bird :   0.7360089938924687 
boat :   0.6510562937094035 
bottle :         0.6117773415056551 
bus :    0.8344536548670382 
car :    0.8583604658456603 
cat :    0.842157027104971 
chair :  0.5592644965715248 
cow :    0.7675529858820922 
diningtable :    0.7174926428213064 
dog :    0.8032609473771342 
horse :  0.8484806007887152 
motorbike :      0.799122827764101 
person :         0.7666634340642923 
pottedplant :    0.4437504378219097 
sheep :  0.7282667680819578 
sofa :   0.7408279223928012 
train :  0.8114410950021204 
tvmonitor :      0.7508794017891001 
***************************
mAP :    0.7456918183617243